$ANSIBLE_VAULT;1.1;AES256
63323735323565373366663838663663303837613435356236383763653538326334643464626434
3166303935303663383731613438303738643737653738300a326462646161356133656132386664
64316364666539633438306133386336373233623732363534396137646638366232666566396235
6333626233616461370a383066656535343530306636393939316338316461346364326465373931
64363865313566326230386532306135616139376234316664643162336136383465616165376166
32353163653233313866363636346632613363383566663337623163663239383438353330366130
38366364623665653638336636663265316334653136653032336634323164643563333134396633
32613139376331666639386562623363646164376266623930373339633261343930373466313737
32643533653030396664373936666464336334663738343066643061633764663563313061373634
34393832363031626137323161323566303065623263353834353537656131353039393761363765
37656638623663366166643130316237343338333830643932346162333133656132303138663365
65636664633065396233663064663663376366326563303765616334323164623166616564653935
37333430623662626633643632353035663331313665326337346166333738383834396462623038
63343332613535636335373265383737393666323434323165303332643735613361643936316464
61306337633930393663303833656461633063373736653963356264313463343130336366393533
32353861333035313531356630376131306362333932386132636135303163323331383639383765
32313861623333386264356435303634613765323231393436666131653037663437343462383662
38396638353265386636303864343233663335656561353332323433663232366565393162363134
36376436383062386563633262646239333236623866333832363865663762353133623635636664
63623962326332363730616232636466336266323438613931326331653733336366323032346561
37333330623430643237666561663436353430326430303831373736393636333861396337313765
32623331653832346665316235613162353537353735343366613637323135653563366333303066
33393163396631643162303537626232326239643761666332613963633530373635343934313438
30623464363364613634616461353462363761613332626130643231643836643762316139323166
38663862636539323530653432396665646436333738333231363431626338656331
